 403 MOLECULAR_ELECTRONIC   KURUCZ_NEW
  21    3.25
 1563.9892 -9.747  2.5 19444.586  3.5  25836.741 607A06e1   A10e2   12
 1563.9959 -2.784  8.5  8175.569  8.5  14567.696 607X04f2   A03e1   12
 1564.0020 -6.904  2.5 19444.589  3.5  25836.691 607A06f2   A10f1   12
 1564.0041-14.298 12.5  9439.694 11.5  15831.788 607A00e1   X08e2   12
 1564.0119 -3.470  9.5  8175.635  8.5  14567.696 607X04e2   A03e1   12
 1564.0230 -9.737 32.5 17949.555 32.5  24341.571 607A04f2   A08e1   12
 1564.0265 -9.800 38.5 21949.560 39.5  28341.562 607A06e1   A10e2   12
 1564.0414 -8.402 15.5 18250.791 15.5  24642.732 607A05e2   A09f1   12
 1564.0594 -2.735 15.5  8448.495 16.5  14840.363 607X04e2   A03e1   12
 1564.0645-13.288 21.5 11766.287 20.5  18158.133 607A01e2   X09e1   12
 1564.0695 -7.754 10.5 36210.401 10.5  42602.227 607A17f2   A22e1   12
 1564.0764 -9.016 15.5 18250.815 15.5  24642.613 607A05f1   A09e2   12
 1564.0773 -9.238 64.5 18044.157 63.5  24435.951 607A01e1   A05e2   12
 1564.0784 -6.369 64.5 24428.457 64.5  30820.247 607A05f2   A09e1   12
 1564.0865 -1.497 62.5 11438.352 63.5  17830.108 607X02f2   A01f1   12
 1564.0870 -7.810  2.5 19500.785  3.5  25892.540 607A06f2   A10f1   12
 1564.0962 -8.432  2.5 19500.765  3.5  25892.482 607A06e1   A10e2   12
 1564.1260 -8.068 64.5 18042.978 63.5  24434.574 607A01f2   A05f1   12
 1564.1404 -2.612 21.5  8931.486 22.5  15323.022 607X04f1   A03f2   12
 1564.1472 -9.763 72.5 18162.977 71.5  24554.486 607A00e1   A04e2   12
 1564.1601 -8.463  5.5 36088.304  4.5  42479.759 607A17f1   A22f2   12
 1564.1649 -7.843 32.5 19615.581 33.5  26007.017 607A05e1   A09e2   12
 1564.1742 -8.849  8.5 17960.988  7.5  24352.386 607A05e1   A09e2   12
 1564.1766 -8.514 65.5 18037.069 64.5  24428.457 607A01f1   A05f2   12
 1564.1782 -3.263 22.5  8931.640 22.5  15323.022 607X04e1   A03f2   12
 1564.1789-10.402  8.5 17961.034  7.5  24352.413 607A05f2   A09f1   12
 1564.1800 -8.867 72.5 18161.514 71.5  24552.888 607A00f2   A04f1   12
 1564.1957 -2.943 63.5 11438.798 63.5  17830.108 607X02e2   A01f1   12
 1564.2035 -8.197  5.5 36088.470  4.5  42479.748 607A17e2   A22e1   12
 1564.2077 -4.967  0.5 21013.291  1.5  27404.553 607X11e1   A11e2   12
 1564.2207 -9.082 73.5 18156.634 72.5  24547.842 607A00f1   A04f2   12
 1564.2355 -9.982 36.5 19939.212 36.5  26330.359 607A05e1   A09f2   12
 1564.2609 -7.083 65.5 18035.436 64.5  24426.480 607A01e2   A05e1   12
 1564.2702 -4.045 16.5 39036.773 17.5  45427.779 607A19e1   B10e2   12
 1564.2725 -7.636 15.5 32560.420 14.5  38951.417 607B03f1   A19f2   12
 1564.2786 -8.474 35.5 19951.846 35.5  26342.817 607A05f1   A09e2   12
 1564.2869 -9.650 83.5 22658.471 84.5  29049.408 607A01f1   A05f2   12
 1564.2986 -7.513 73.5 18154.675 72.5  24545.565 607A00e2   A04e1   12
 1564.3029 -5.909 63.5 24225.522 64.5  30616.395 607A05e2   A09e1   12
 1564.3054 -3.486  4.5  8066.368  3.5  14457.230 607X04f2   A03f1   12
 1564.3058 -7.143 17.5 32692.666 17.5  39083.527 607B03f1   A19e2   12
 1564.3085 -6.782 18.5 32764.428 17.5  39155.278 607B03f2   A19f1   12
 1564.3092 -3.038  7.5  8113.743  8.5  14504.589 607X04e2   A03e1   12
 1564.3209 -9.954 74.5 22003.285 74.5  28394.084 607A02e1   A06f2   12
 1564.3252 -7.630 91.5 23278.421 92.5  29669.202 607A00e2   A04e1   12
 1564.3323 -3.232 35.5  8485.874 36.5  14876.627 607X03f1   A02f2   12
 1564.3378 -6.884 62.5 24233.727 63.5  30624.456 607A05f2   A09f1   12
 1564.3420 -7.456 85.5 22924.599 84.5  29315.312 607A01e2   A05e1   12
 1564.3516 -5.494 12.5 19763.559 13.5  26154.232 607A06e1   B00e2   12
 1564.3593 -7.515 62.5 24235.082 63.5  30625.724 607A05e1   A09e2   12
 1564.3646 -6.267 17.5 21565.792 18.5  27956.413 607A07e2   A11e1   12
 1564.3777 -1.652 36.5  8620.632 36.5  15011.199 607X03f2   A02e1   12
 1564.3948 -1.652 36.5  8486.130 36.5  14876.627 607X03e1   A02f2   12
 1564.4016 -6.843 18.5 32693.058 17.5  39083.527 607B03e1   A19e2   12
 1564.4041 -4.570 12.5 19763.559 12.5  26154.018 607A06e1   B00f2   12
 1564.4053 -7.846 35.5 19952.174 35.5  26342.628 607A05e2   A09f1   12
 1564.4110 -3.682 16.5 29988.840 16.5  36379.271 607X16f2   A17e1   12
 1564.4119 -7.642 34.5 18173.166 33.5  24563.593 607A04f2   A08f1   12
 1564.4413 -3.227 37.5  8620.892 36.5  15011.199 607X03e2   A02e1   12
 1564.4427 -2.708 16.5  8506.667 17.5  14896.968 607X04e1   A03e2   12
 1564.4527 -4.079 12.5 29790.392 11.5  36180.652 607X16f2   A17f1   12
 1564.4598 -4.131  4.5 21064.108  5.5  27454.340 607X11f2   A11f1   12
 1564.4735 -4.093  5.5 21064.164  5.5  27454.340 607X11e2   A11f1   12
 1564.4895 -4.366 16.5 39036.773 16.5  45426.883 607A19e1   B10f2   12
 1564.4932 -4.041  5.5 21084.437  6.5  27474.532 607X11f1   A11f2   12
 1564.4982 -4.237  3.5 21047.166  4.5  27437.240 607X11f1   A11f2   12
 1564.5083 -4.141  4.5 21047.207  4.5  27437.240 607X11e1   A11f2   12
 1564.5107 -4.057  6.5 21084.509  6.5  27474.532 607X11e1   A11f2   12
 1564.5150 -3.307 17.5 29989.265 16.5  36379.271 607X16e2   A17e1   12
 1564.5171 -5.185 18.5 20077.135 18.5  26467.132 607A06f2   B00e1   12
 1564.5180-10.898 34.5 18173.442 33.5  24563.436 607A04e1   A08e2   12
 1564.5347 -7.349 76.5 22238.418 75.5  28628.344 607A02e1   A06e2   12
 1564.5480 -3.909 17.5 26374.557 18.5  32764.428 607A10f1   B03f2   12
 1564.5626 -9.442 36.5 19939.822 36.5  26329.633 607A05f2   A09e1   12
 1564.5705 -8.387 35.5 18160.255 34.5  24550.034 607A04e2   A08e1   12
 1564.5956 -3.963  6.5 21108.152  7.5  27497.828 607X11f2   A11f1   12
 1564.5973 -4.644 18.5 20077.135 17.5  26466.805 607A06f2   B00f1   12
 1564.6019 -7.886 15.5 19830.401 14.5  26220.052 607A06e2   A10e1   12
 1564.6038 -7.659 15.5 19830.497 14.5  26220.141 607A06f1   A10f2   12
 1564.6051 -4.369  2.5 21033.614  3.5  27423.252 607X11f2   A11f1   12
 1564.6112 -4.205  3.5 21033.639  3.5  27423.252 607X11e2   A11f1   12
 1564.6161 -4.030  7.5 21108.235  7.5  27497.828 607X11e2   A11f1   12
 1564.6232 -1.134 63.5  9726.005 63.5  16115.569 607X01f1   A00e2   12
 1564.6264 -8.206 17.5 36427.327 16.5  42816.878 607A17e2   A22e1   12
 1564.6355 -9.482  1.5 19436.806  2.5  25826.320 607A06f1   A10f2   12
 1564.6361-10.027  1.5 19436.808  2.5  25826.319 607A06e2   A10e1   12
 1564.6496 -8.986 22.5 17024.423 21.5  23413.879 607A04f2   A08f1   12
 1564.6888 -8.917 17.5 36427.724 16.5  42817.020 607A17f1   A22f2   12
 1564.7308 -9.318 22.5 17024.469 21.5  23413.594 607A04e1   A08e2   12
 1564.7370 -3.168 64.5  9726.470 63.5  16115.569 607X01e1   A00e2   12
 1564.7682 -7.979  1.5 19492.541  2.5  25881.513 607A06f1   A10f2   12
 1564.7702 -3.093  6.5  8088.252  7.5  14477.216 607X04e1   A03e2   12
 1564.7725 -3.895  7.5 21135.247  8.5  27524.202 607X11f1   A11f2   12
 1564.7748 -8.547  1.5 19492.530  2.5  25881.475 607A06e2   A10e1   12
 1564.7829 -4.544  1.5 21023.452  2.5  27412.364 607X11f1   A11f2   12
 1564.7859 -4.295  2.5 21023.464  2.5  27412.364 607X11e1   A11f2   12
 1564.7987 -4.010  8.5 21135.354  8.5  27524.202 607X11e1   A11f2   12
 1564.8310 -3.579 62.5 13132.416 63.5  19521.132 607X03e1   A02e2   12
 1564.8492 -5.338 25.5 20435.875 25.5  26824.517 607X10f1   A10e2   12
 1564.8552 -6.786 93.5 23571.210 92.5  29959.827 607A00f1   A04f2   12
 1564.8631 -5.613 93.5 23568.391 93.5  29956.975 607A00e2   A04f1   12
 1564.8736 -3.851 41.5 11128.657 42.5  17517.198 607X04e2   A03e1   12
 1564.8767 -4.834 26.5 20435.988 25.5  26824.517 607X10e1   A10e2   12
 1564.8880 -5.334 16.5 21511.070 17.5  27899.553 607A07f2   A11f1   12
 1564.9162 -2.683 17.5  8568.460 18.5  14956.827 607X04e2   A03e1   12
 1564.9530 -7.743 11.5 36243.379 11.5  42631.597 607A17f1   A22e2   12
 1564.9719 -5.874  4.5 51011.430  3.5  57399.570 607B14f2   B19f1   12
 1564.9845 -7.081  4.5 51011.430  4.5  57399.519 607B14f2   B19e1   12
 1565.0083 -5.787  5.5 51011.527  4.5  57399.519 607B14e2   B19e1   12
 1565.0123 -2.727  9.5  8211.961  9.5  14599.937 607X04f1   A03e2   12
 1565.0204 -3.834  8.5 21165.715  9.5  27553.657 607X11f2   A11f1   12
 1565.0297 -3.460 10.5  8212.032  9.5  14599.937 607X04e1   A03e2   12
 1565.0316 -4.821  0.5 21016.677  1.5  27404.574 607X11f2   A11f1   12
 1565.0323 -4.424  1.5 21016.680  1.5  27404.574 607X11e2   A11f1   12
 1565.0426 -9.230 33.5 19724.354 34.5  26112.206 607A05f1   A09f2   12
 1565.0552 -3.995  9.5 21165.857  9.5  27553.657 607X11e2   A11f1   12
 1565.0665 -9.079 20.5 18555.624 19.5  24943.379 607A05f2   A09f1   12
 1565.0847 -4.715  9.5 19586.499  9.5  25974.179 607A06f1   B00e2   12
 1565.0890 -4.794 12.5 38876.639 13.5  45264.302 607A19f2   B10f1   12
 1565.1100 -8.625 20.5 18555.652 19.5  24943.229 607A05e1   A09e2   12
 1565.1255 -5.366  9.5 19586.499  8.5  25974.013 607A06f1   B00f2   12
 1565.1428 -8.377 16.5 18305.271 16.5  24692.714 607A05e1   A09f2   12
 1565.1503 -7.095  7.5 36122.959  6.5  42510.371 607B05f1   A22f2   12
 1565.1514 -3.404 87.5 16014.078 88.5  22401.486 607X01e2   A00e1   12
 1565.1801 -9.027 16.5 18305.285 16.5  24692.575 607A05f2   A09e1   12
 1565.1935-13.270 22.5 11843.403 21.5  18230.639 607A01e1   X09e2   12
 1565.2143 -5.515  4.5 19469.497  5.5  25856.648 607A06e1   B00e2   12
 1565.2315 -5.343  4.5 19469.497  4.5  25856.578 607A06e1   B00f2   12
 1565.2670-14.206 13.5  9486.810 12.5  15873.746 607A00e2   X08e1   12
 1565.2672 -7.833 33.5 19724.622 34.5  26111.557 607A05e2   A09e1   12
 1565.2816 -2.592 22.5  9014.938 23.5  15401.815 607X04f2   A03f1   12
 1565.2889 -9.628 21.5 18536.275 20.5  24923.121 607A05f1   A09f2   12
 1565.2988 -8.236 21.5 18536.081 20.5  24922.887 607A05e2   A09e1   12
 1565.3045 -8.402  6.5 36106.997  5.5  42493.780 607A17f2   A22f1   12
 1565.3210 -9.638 39.5 20304.910 38.5  26691.626 607A05e2   A09e1   12
 1565.3213 -3.272 23.5  9015.100 23.5  15401.815 607X04e2   A03f1   12
 1565.3308 -3.154  5.5  8066.401  6.5  14453.077 607X04e2   A03e1   12
 1565.3399 -5.368 16.5 19882.073 15.5  26268.712 607A06e1   A10e2   12
 1565.3417 -3.780  9.5 21199.554 10.5  27586.185 607X11f1   A11f2   12
 1565.3477 -4.591  0.5 21013.291  0.5  27399.898 607X11e1   A11f2   12
 1565.3594 -8.059  6.5 36107.216  5.5  42493.775 607A17e1   A22e2   12
 1565.3869 -3.984 10.5 21199.738 10.5  27586.185 607X11e1   A11f2   12
 1565.4103 -7.590 16.5 19882.186 15.5  26268.537 607A06f2   A10f1   12
 1565.4363 -6.011 85.5 22927.069 84.5  29313.315 607A01f1   A05f2   12
 1565.4782 -2.660 18.5  8633.870 19.5  15019.944 607X04e1   A03e2   12
 1565.4851 -8.251  0.5 19487.594  1.5  25873.641 607A06f2   A10f1   12
 1565.4896 -8.766  0.5 19487.584  1.5  25873.612 607A06e1   A10e2   12
 1565.5087 -9.266 37.5 20057.977 37.5  26443.927 607A05e2   A09f1   12
 1565.5260 -7.358 65.5 24630.361 65.5  31016.240 607A05e2   A09f1   12
 1565.5395 -5.075 15.5 21459.839 16.5  27845.663 607A07f1   A11f2   12
 1565.5554 -6.666 11.5 36277.846 12.5  42663.606 607B05f1   A22f2   12
 1565.5581 -8.355 36.5 20070.338 36.5  26456.087 607A05f2   A09e1   12
 1565.5765 -6.212 39.5 20305.673 38.5  26691.347 607A05f1   A09f2   12
 1565.5901 -7.286 55.5 17946.202 55.5  24331.820 607A02e2   A06f1   12
 1565.6182 -8.769  9.5 17992.538  8.5  24378.041 607A05e2   A09e1   12
 1565.6221-10.619  9.5 17992.583  8.5  24378.071 607A05f1   A09f2   12
 1565.6233 -4.757 16.5 19882.073 15.5  26267.556 607A06e1   B00e2   12
 1565.6941 -7.825 36.5 20070.677 36.5  26455.870 607A05e1   A09f2   12
 1565.7003 -6.465 15.5 21460.382 16.5  27845.551 607A07e2   A11e1   12
 1565.7061 -3.409 76.5 14702.265 77.5  21087.410 607X02e1   A01e2   12
 1565.7196 -5.214 85.5 22924.599 85.5  29309.689 607A01e2   A05f1   12
 1565.7276 -3.733 10.5 21236.737 11.5  27621.794 607X11f2   A11f1   12
 1565.7571 -9.566 55.5 17945.337 55.5  24330.274 607A02f1   A06e2   12
 1565.7747 -7.880 72.5 18162.977 72.5  24547.842 607A00e1   A04f2   12
 1565.7876 -3.128 51.5  9125.302 52.5  15510.114 607X02f1   A01f2   12
 1565.7938 -3.977 11.5 21237.007 11.5  27621.794 607X11e2   A11f1   12
 1565.8094-10.437 57.5 14889.296 56.5  21274.020 607A00f1   A04f2   12
 1565.8189 -5.909 20.5 20026.351 19.5  26411.035 607X10f2   A10f1   12
 1565.8294 -7.678 84.5 22930.670 84.5  29315.312 607A01f2   A05e1   12
 1565.8549 -6.374  1.5 19436.806  2.5  25821.344 607A06f1   B00f2   12
 1565.8608 -9.715 33.5 18059.766 33.5  24444.280 607A04f1   A08e2   12
 1565.8691 -5.984 64.5 24426.480 65.5  30810.961 607A05e1   A09e2   12
 1565.8788 -1.258 52.5  9125.673 52.5  15510.114 607X02e1   A01f2   12
 1565.9020 -3.378  5.5  8088.210  4.5  14472.556 607X04f1   A03f2   12
 1565.9070 -7.728 12.5 36279.199 12.5  42663.525 607A17f2   A22e1   12
 1565.9132 -7.414 64.5 18044.157 64.5  24428.457 607A01e1   A05f2   12
 1565.9144 -7.484 63.5 24435.951 64.5  30820.247 607A05e2   A09e1   12
 1565.9147 -2.072 28.5  7642.989 27.5  14027.283 607X03f2   A02f1   12
 1565.9744-11.189 72.5 18161.514 72.5  24545.565 607A00f2   A04e1   12
 1565.9936 -3.222  4.5  8048.191  5.5  14432.163 607X04e1   A03e2   12
 1566.0009 -1.373 74.5 12514.667 75.5  18898.610 607X01f2   A00f1   12
 1566.0365 -7.053 74.5 22003.285 75.5  28387.082 607A02e1   A06e2   12
 1566.0548 -5.197 76.5 22238.418 76.5  28622.141 607A02e1   A06f2   12
 1566.0689 -1.487 63.5 11438.798 64.5  17822.463 607X02e2   A01e1   12
 1566.0694 -1.840 48.5 10337.462 49.5  16721.126 607X03e1   A02e2   12
 1566.0955 -9.014 56.5 18132.266 55.5  24515.823 607A02e1   A06e2   12
 1566.0957 -2.676 10.5  8251.986 10.5  14635.543 607X04f2   A03e1   12
 1566.0994 -5.714  6.5 51030.171  5.5  57413.712 607B14e1   B19e2   12
 1566.1091-10.136 64.5 18042.978 64.5  24426.480 607A01f2   A05e1   12
 1566.1119 -8.236 18.5 36478.121 17.5  42861.611 607A17e1   A22e2   12
 1566.1153 -3.453 11.5  8252.066 10.5  14635.543 607X04e2   A03e1   12
 1566.1155-10.828 92.5 23576.351 92.5  29959.827 607A00e1   A04f2   12
 1566.1298 -2.638 19.5  8702.898 20.5  15086.315 607X04e2   A03e1   12
 1566.1298 -2.967 75.5 12515.192 75.5  18898.610 607X01e2   A00f1   12
 1566.1415 -5.934 13.5 36377.343 13.5  42760.712 607B05f1   A22e2   12
 1566.1442 -7.095  5.5 51030.353  5.5  57413.712 607B14f1   B19e2   12
 1566.1581 -1.502 54.5  7752.399 53.5  14135.701 607X01f2   A00f1   12
 1566.1606 -5.789  5.5 51030.353  4.5  57413.645 607B14f1   B19f2   12
 1566.1677 -6.943 75.5 22245.081 75.5  28628.344 607A02f1   A06e2   12
 1566.1685 -8.969 18.5 36478.533 17.5  42861.793 607A17f2   A22f1   12
 1566.1756 -3.698 11.5 21277.223 12.5  27660.453 607X11f1   A11f2   12
 1566.1796 -4.592  0.5 21016.677  0.5  27399.892 607X11f2   A11e1   12
 1566.1802 -4.894  1.5 21016.680  0.5  27399.892 607X11e2   A11e1   12
 1566.1825 -6.004 15.5 36433.675 16.5  42816.878 607B05e2   A22e1   12
 1566.2060 -7.625 56.5 18131.365 55.5  24514.472 607A02f2   A06f1   12
 1566.2365 -7.520 17.5 19937.027 16.5  26320.009 607A06f1   A10f2   12
 1566.2375 -6.917 17.5 19936.896 16.5  26319.875 607A06e2   A10e1   12
 1566.2439 -6.397 11.5 36277.846 10.5  42660.799 607B05f1   A22f2   12
 1566.2461 -8.926 33.5 16369.505 32.5  22752.448 607A03f1   A07f2   12
 1566.2486-11.486 92.5 23574.042 93.5  29956.975 607A00f2   A04f1   12
 1566.2814 -8.258 93.5 23571.210 93.5  29954.010 607A00f1   A04e2   12
 1566.2830 -3.972 12.5 21277.660 12.5  27660.453 607X11e1   A11f2   12
 1566.2862 -6.581 10.5 36192.643  9.5  42575.423 607B05e1   A22e2   12
 1566.2873 -3.485 21.5 26536.953 21.5  32919.728 607A10f1   B03e2   12
 1566.2908 -8.518 57.5 14890.185 56.5  21272.947 607A00e2   A04e1   12
 1566.2952 -8.354 17.5 18363.001 17.5  24745.744 607A05e2   A09f1   12
 1566.3060-13.261 23.5 11923.877 22.5  18306.576 607A01e2   X09e1   12
 1566.3104 -5.120  7.5 19591.331  8.5  25974.013 607A06f1   B00f2   12
 1566.3354 -9.040 17.5 18363.007 17.5  24745.587 607A05f1   A09e2   12
 1566.3365 -6.981 57.5 18122.908 56.5  24505.483 607A02e2   A06e1   12
 1566.3749 -3.165 63.5  9726.005 64.5  16108.423 607X01f1   A00f2   12
 1566.3861 -6.565  9.5 36193.050  9.5  42575.423 607B05f1   A22e2   12
 1566.3988 -6.556 14.5 21412.363 15.5  27794.684 607A07e1   A11e2   12
 1566.3991 -4.552 21.5 26536.953 20.5  32919.272 607A10f1   B03f2   12
 1566.4028 -7.607 35.5 18289.758 34.5  24672.063 607A04f1   A08f2   12
 1566.4090 -7.823 34.5 19836.819 35.5  26219.099 607A05e1   A09e2   12
 1566.4203 -2.809 42.5  7547.319 42.5  13929.553 607X02f2   A01e1   12
 1566.4505 -4.775  8.5 19556.834  8.5  25938.945 607A06f2   B00e1   12
 1566.4563 -5.484 25.5 20588.787 24.5  26970.873 607A06e2   B00e1   12
 1566.4598 -9.690  1.5 19436.808  1.5  25818.880 607A06e2   A10f1   12
 1566.4599 -9.558  1.5 19436.806  1.5  25818.879 607A06f1   A10e2   12
 1566.4722 -6.886 14.5 36378.690 13.5  42760.712 607B05e1   A22e2   12
 1566.4859 -3.143 46.5  6236.636 45.5  12618.602 607X01f2   A00f1   12
 1566.4889 -1.128 64.5  9726.470 64.5  16108.423 607X01e1   A00f2   12
 1566.4894 -5.377  8.5 19556.834  7.5  25938.786 607A06f2   B00f1   12
 1566.4932 -8.302 21.5 28604.754 22.5  34986.690 607X15e2   B04e1   12
 1566.4961 -1.644 43.5  7547.628 42.5  13929.553 607X02e2   A01e1   12
 1566.5014 -2.574 23.5  9101.987 24.5  15483.891 607X04f1   A03f2   12
 1566.5016-10.687 35.5 18290.059 34.5  24671.962 607A04e2   A08e1   12
 1566.5206-14.126 14.5  9537.370 13.5  15919.195 607A00e1   X08e2   12
 1566.5230 -8.194 33.5 16369.743 32.5  22751.558 607A03e2   A07e1   12
 1566.5241 -8.426  7.5 36128.561  6.5  42510.371 607A17f1   A22f2   12
 1566.5424 -3.282 24.5  9102.155 24.5  15483.891 607X04e1   A03f2   12
 1566.5430-10.771  2.5 19444.586  2.5  25826.320 607A06e1   A10f2   12
 1566.5438 -9.741  2.5 19444.589  2.5  25826.319 607A06f2   A10e1   12
 1566.5591 -8.268 36.5 18277.152 35.5  24658.821 607A04e1   A08e2   12
 1566.5772 -2.900 27.5  7536.979 27.5  13918.573 607X03f1   A02e2   12
 1566.5804 -5.665  3.5 19455.484  4.5  25837.065 607A06e2   B00e1   12
 1566.5842 -8.948 21.5 18626.296 20.5  25007.862 607A05f1   A09f2   12
 1566.5858 -5.495  3.5 19455.484  3.5  25837.043 607A06e2   B00f1   12
 1566.5966 -7.015 21.5 28604.754 21.5  34986.270 607X15e2   B04f1   12
 1566.6015 -7.929  7.5 36128.851  6.5  42510.346 607A17e2   A22e1   12
 1566.6105 -3.715 12.5 21320.720 13.5  27702.179 607X11f2   A11f1   12
 1566.6263 -2.080 28.5  7537.178 27.5  13918.573 607X03e1   A02e2   12
 1566.6282 -8.639 21.5 18626.337 20.5  25007.723 607A05e2   A09e1   12
 1566.6299 -7.221 20.5 28604.890 21.5  34986.270 607X15f2   B04f1   12
 1566.6429 -8.065  0.5 19487.584  0.5  25868.911 607A06e1   A10f2   12
 1566.6468 -9.189 42.5 15813.047 41.5  22194.358 607A02f2   A06f1   12
 1566.6495 -8.249  0.5 19487.594  0.5  25868.894 607A06f2   A10e1   12
 1566.6606-10.096  3.5 19455.486  3.5  25836.741 607A06f1   A10e2   12
 1566.6723 -6.198  3.5 19455.484  3.5  25836.691 607A06e2   A10f1   12
 1566.6821 -4.088 13.5 21365.797 14.5  27746.964 607A07f1   A11f2   12
 1566.6959 -7.932  1.5 19492.530  1.5  25873.641 607A06e2   A10f1   12
 1566.6967 -3.989 16.5 39106.692 17.5  45487.800 607A19f2   B10f1   12
 1566.6982 -4.353  1.5 21023.452  1.5  27404.553 607X11f1   A11e2   12
 1566.7013 -4.666  2.5 21023.464  1.5  27404.553 607X11e1   A11e2   12
 1566.7058 -7.968  1.5 19492.541  1.5  25873.612 607A06f1   A10e2   12
 1566.7214 -7.975 42.5 15813.505 41.5  22194.512 607A02e1   A06e2   12
 1566.7404 -3.861 42.5 11279.722 43.5  17660.651 607X04e1   A03e2   12
 1566.7584 -3.298  3.5  8033.620  4.5  14414.476 607X04e2   A03e1   12
 1566.7636 -9.872 40.5 20433.057 39.5  26813.892 607A05e1   A09e2   12
 1566.7687 -3.685 17.5 30046.513 17.5  36427.327 607X16f1   A17e2   12
 1566.7818 -5.494 11.5 19722.601 12.5  26103.361 607A06e2   B00e1   12
 1566.7848 -7.812  2.5 19500.765  2.5  25881.513 607A06e1   A10f2   12
 1566.7994 -7.774  2.5 19500.785  2.5  25881.475 607A06f2   A10e1   12
 1566.7999 -9.747 22.5 18607.641 21.5  24988.328 607A05f2   A09f1   12
 1566.8077-11.029 84.5 22932.659 84.5  29313.315 607A01e1   A05f2   12
 1566.8089 -8.212 22.5 18607.425 21.5  24988.075 607A05e1   A09e2   12
 1566.8093 -8.019  4.5 19469.497  4.5  25850.146 607A06e1   A10f2   12
 1566.8110-11.804  4.5 19469.504  4.5  25850.146 607A06f2   A10e1   12
 1566.8164 -9.665 50.5 15345.900 49.5  21726.520 607A01f2   A05f1   12
 1566.8216 -8.827 38.5 20179.879 38.5  26560.478 607A05e1   A09f2   12
 1566.8314 -4.614 11.5 19722.601 11.5  26103.159 607A06e2   B00f1   12
 1566.8371 -8.965 23.5 17102.379 22.5  23482.914 607A04f1   A08f2   12
 1566.8422 -1.846 48.5 10514.290 49.5  16894.805 607X03f2   A02f1   12
 1566.8451 -3.970 13.5 21321.676 13.5  27702.179 607X11e2   A11f1   12
 1566.8543 -3.565 20.5 39240.098 20.5  45620.564 607A19f2   B10e1   12
 1566.8567 -3.989 16.5 26244.589 17.5  32625.045 607A10e1   B03e2   12
 1566.8689 -2.617 20.5  8775.536 21.5  15155.943 607X04e1   A03e2   12
 1566.8711 -8.242 37.5 20191.965 37.5  26572.363 607A05f1   A09e2   12
 1566.8979 -3.193 21.5  6976.968 20.5  13357.256 607X03f1   A02f2   12
 1566.9083 -7.726  3.5 19512.294  3.5  25892.540 607A06e2   A10f1   12
 1566.9268 -3.086 49.5 10514.634 49.5  16894.805 607X03e2   A02f1   12
 1566.9277 -9.274 23.5 17102.441 22.5  23482.607 607A04e2   A08e1   12
 1566.9297 -7.633  3.5 19512.323  3.5  25892.482 607A06f1   A10e2   12
 1566.9312 -7.711 13.5 36317.858 13.5  42698.010 607A17f1   A22e2   12
 1566.9494 -4.357 16.5 26244.589 16.5  32624.668 607A10e1   B03f2   12
 1566.9560 -3.084 35.5  6519.459 34.5  12899.511 607X02f1   A01f2   12
 1566.9724-10.095 75.5 22246.730 75.5  28626.715 607A02e2   A06f1   12
 1566.9792 -3.276 18.5 30047.370 17.5  36427.327 607X16e1   A17e2   12
 1566.9842 -5.179 17.5 20016.834 17.5  26396.771 607A06f1   B00e2   12
 1566.9922 -8.106  5.5 19486.636  5.5  25866.541 607A06e2   A10f1   12
 1566.9929 -9.132  5.5 19486.647  5.5  25866.548 607A06f1   A10e2   12
 1567.0385 -4.071 13.5 29835.221 12.5  36214.937 607X16f1   A17f2   12
 1567.0501 -5.910 40.5 20433.896 39.5  26813.565 607A05f2   A09f1   12
 1567.0625 -4.676 17.5 20016.834 16.5  26396.452 607A06f1   B00f2   12
 1567.0652 -4.554 20.5 39240.098 19.5  45619.705 607A19f2   B10f1   12
 1567.0700 -7.663  4.5 19527.117  4.5  25906.705 607A06e1   A10f2   12
 1567.0736 -7.288 18.5 19994.872 17.5  26374.445 607A06e1   A10e2   12
 1567.0829 -7.450 18.5 19995.022 17.5  26374.557 607A06f2   A10f1   12
 1567.0831 -4.750 21.5 26623.300 22.5  33002.835 607A10e2   B03e1   12
 1567.0948 -7.522  4.5 19527.149  4.5  25906.636 607A06f2   A10e1   12
 1567.1165 -6.645 13.5 21367.461 14.5  27746.859 607A07e2   A11e1   12
 1567.1199 -8.059 65.5 18258.926 64.5  24638.310 607A01f1   A05f2   12
 1567.1300 -8.699 10.5 18027.380  9.5  24406.723 607A05e1   A09e2   12
 1567.1318-10.945 10.5 18027.426  9.5  24406.762 607A05f2   A09f1   12
 1567.1620 -8.069 50.5 15346.581 49.5  21725.795 607A01e1   A05e2   12
 1567.1714 -8.443 66.5 18253.145 65.5  24632.320 607A01f2   A05f1   12
 1567.1919 -9.056 38.5 20180.585 38.5  26559.676 607A05f2   A09e1   12
 1567.2087 -8.057  6.5 19506.899  6.5  25885.922 607A06e1   A10f2   12
 1567.2096 -9.639 84.5 22930.670 85.5  29309.689 607A01f2   A05f1   12
 1567.2114 -7.899  6.5 19506.911  6.5  25885.923 607A06f2   A10e1   12
 1567.2164 -3.485 21.5 26623.300 21.5  33002.292 607A10e2   B03f1   12
 1567.2169 -7.223 77.5 22484.816 76.5  28863.805 607A02e2   A06e1   12
 1567.2418 -7.030 66.5 18251.473 65.5  24630.361 607A01e1   A05e2   12
 1567.2483 -2.630 11.5  8295.645 11.5  14674.506 607X04f1   A03e2   12
 1567.2678 -7.619  5.5 19545.227  5.5  25924.010 607A06e2   A10f1   12
 1567.2695 -3.449 12.5  8295.731 11.5  14674.506 607X04e1   A03e2   12
 1567.2868 -4.168  2.5 21033.614  2.5  27412.319 607X11f2   A11e1   12
 1567.2929 -4.539  3.5 21033.639  2.5  27412.319 607X11e2   A11e1   12
 1567.2951 -3.242 36.5  8620.632 37.5  14999.303 607X03f2   A02f1   12
 1567.2965 -7.430  5.5 19545.266  5.5  25923.931 607A06f1   A10e2   12
 1567.3133 -4.695 15.5 19830.401 14.5  26208.998 607A06e2   B00e1   12
 1567.3292 -7.310 86.5 23199.694 85.5  29578.226 607A01e1   A05e2   12
 1567.3338 -9.145 35.5 19951.846 36.5  26330.359 607A05f1   A09f2   12
 1567.3481 -5.719  6.5 51052.094  5.5  57430.549 607B14f2   B19f1   12
 1567.3590 -1.641 37.5  8620.892 37.5  14999.303 607X03e2   A02f1   12
 1567.3626 -7.103  6.5 51052.094  6.5  57430.490 607B14f2   B19e1   12
 1567.3827 -7.216 20.5 32919.272 21.5  39297.587 607B03f2   A19f1   12
 1567.3938 -9.747 73.5 18405.704 72.5  24783.974 607A00e2   A04e1   12
 1567.4031-13.260 24.5 12007.707 23.5  18385.939 607A01e1   X09e2   12
 1567.4334 -8.871 73.5 18404.209 72.5  24782.318 607A00f1   A04f2   12
 1567.4344 -5.756  7.5 19530.307  7.5  25908.411 607A06f1   A10e2   12
 1567.4393 -4.780 12.5 26065.147 13.5  32443.231 607A10f2   B03f1   12
 1567.4584 -7.971  7.5 19530.290  7.5  25908.296 607A06e2   A10f1   12
 1567.4724 -9.010 74.5 18399.446 73.5  24777.396 607A00f2   A04f1   12
 1567.4772 -7.063 64.5 24638.310 65.5  31016.240 607A05f2   A09f1   12
 1567.4867 -3.970 14.5 21369.073 14.5  27746.964 607X11e1   A11f2   12
 1567.4906 -1.641 37.5  8758.956 37.5  15136.831 607X03f1   A02e2   12
 1567.4947 -6.287 21.5 32919.728 21.5  39297.587 607B03e2   A19f1   12
 1567.4982 -8.333 18.5 18423.979 18.5  24801.823 607A05e1   A09f2   12
 1567.4999 -7.589  6.5 19566.619  6.5  25944.457 607A06e1   A10f2   12
 1567.5343 -7.352  6.5 19566.662  6.5  25944.359 607A06f2   A10e1   12
 1567.5415 -7.463 74.5 18397.437 73.5  24775.106 607A00e1   A04e2   12
 1567.5418 -9.055 18.5 18423.975 18.5  24801.642 607A05f2   A09e1   12
 1567.5440 -7.587 92.5 23576.351 93.5  29954.010 607A00e1   A04e2   12
 1567.5570 -3.236 38.5  8759.226 37.5  15136.831 607X03e1   A02e2   12
 1567.5632 -3.287  6.5  8113.693  5.5  14491.273 607X04f2   A03f1   12
 1567.5719 -4.077 15.5 38992.697 16.5  45370.242 607A19e2   B10e1   12
 1567.5931 -7.814 35.5 19952.174 36.5  26329.633 607A05e2   A09e1   12
 1567.6267 -3.383  2.5  8022.694  3.5  14400.016 607X04e1   A03e2   12
 1567.6646 -4.893  7.5 19530.307  7.5  25907.475 607A06f1   B00e2   12
 1567.6723 -5.391  7.5 19530.307  6.5  25907.443 607A06f1   B00f2   12
 1567.6910 -8.895 75.5 22245.081 76.5  28622.141 607A02f1   A06f2   12
 1567.6968 -2.597 21.5  8851.786 22.5  15228.823 607X04e2   A03e1   12
 1567.7019 -9.025 19.5 36532.119 18.5  42909.135 607A17f1   A22f2   12
 1567.7032 -8.662 19.5 28734.022 18.5  35111.033 607B01f1   A16f2   12
 1567.7382 -9.691 34.5 18173.166 34.5  24550.034 607A04f2   A08e1   12
 1567.7414 -7.876  8.5 19556.812  8.5  25933.667 607A06e1   A10f2   12
 1567.7563 -5.873  2.5 19444.586  3.5  25821.381 607A06e1   B00e2   12
 1567.7586 -1.365 75.5 12515.192 76.5  18891.978 607X01e2   A00e1   12
 1567.7587 -6.888  8.5 19556.834  8.5  25933.620 607A06f2   A10e1   12
 1567.7653 -5.530  2.5 19444.586  2.5  25821.344 607A06e1   B00f2   12
 1567.7661-14.057 15.5  9591.370 14.5  15968.125 607A00e2   X08e1   12
 1567.7706 -7.576  7.5 19591.287  7.5  25968.023 607A06e2   A10f1   12
 1567.7970 -4.364 15.5 38992.697 15.5  45369.326 607A19e2   B10f1   12
 1567.8003 -2.556 24.5  9192.634 25.5  15569.250 607X04f2   A03f1   12
 1567.8054 -7.284  7.5 19591.331  7.5  25967.926 607A06f1   A10e2   12
 1567.8225 -8.063  8.5 36152.977  7.5  42529.503 607A17f2   A22f1   12
 1567.8419 -4.896  1.5 21023.452  0.5  27399.898 607X11f1   A11f2   12
 1567.8434 -3.292 25.5  9192.809 25.5  15569.250 607X04e2   A03f1   12
 1567.8524 -6.734 12.5 21325.676 13.5  27702.080 607A07e1   A11e2   12
 1567.8608 -8.682  1.5 19492.541  0.5  25868.911 607A06f1   A10f2   12
 1567.8621 -8.313  1.5 19492.530  0.5  25868.894 607A06e2   A10e1   12
 1567.8948 -3.765 13.5 21370.733 14.5  27746.964 607X11f1   A11f2   12
 1567.9197 -7.795  8.5 36153.353  7.5  42529.484 607A17e1   A22e2   12
 1567.9335 -7.438 19.5 20055.998 18.5  26432.073 607A06e2   A10e1   12
 1567.9459 -4.028  3.5 21047.166  3.5  27423.190 607X11f1   A11e2   12
 1567.9518 -7.379 19.5 20056.169 18.5  26432.169 607A06f1   A10f2   12
 1567.9560 -4.456  4.5 21047.207  3.5  27423.190 607X11e1   A11e2   12
 1567.9563 -4.813 27.5 20527.991 26.5  26903.972 607X10e2   A10e1   12
 1567.9576 -1.259 52.5  9318.245 52.5  15694.221 607X02f2   A01e1   12
 1568.0466 -4.415 12.5 21326.565 13.5  27702.179 607A07f2   A11f1   12
 1568.0501 -3.129 53.5  9318.621 52.5  15694.221 607X02e2   A01e1   12
 1568.0598 -7.779  9.5 19586.471  9.5  25962.031 607A06e2   A10f1   12
 1568.0766 -7.590  8.5 19619.223  8.5  25994.716 607A06e1   A10f2   12
 1568.0777 -7.265  9.5 19586.499  9.5  25961.987 607A06f1   A10e2   12
 1568.1111 -5.440 94.5 23869.079 94.5  30244.431 607A00e1   A04f2   12
 1568.1137 -7.223  8.5 19619.270  8.5  25994.611 607A06f2   A10e1   12
 1568.1379 -8.829 22.5 18700.193 21.5  25075.436 607A05f2   A09f1   12
 1568.1387 -6.869 94.5 23871.949 93.5  30247.188 607A00f2   A04f1   12
 1568.1446 -1.641 43.5  7708.475 42.5  14083.690 607X02f1   A01f2   12
 1568.1524 -7.654 22.5 28988.936 21.5  35364.120 607B01f2   A16f1   12